btVector3(-0.16671,0.047444,0.018618),
btVector3(-0.16761,0.064495,0.019051),
btVector3(-0.16881,0.081063,0.01999),
btVector3(-0.16868,0.098449,0.019652),
btVector3(-0.17253,0.11647,0.019726),
btVector3(-0.16579,0.046983,0.036867),
btVector3(-0.16682,0.06306,0.036741),
btVector3(-0.16881,0.080837,0.036934),
btVector3(-0.17084,0.098513,0.037503),
btVector3(-0.17329,0.11573,0.03769),
btVector3(-0.16711,0.046131,0.053597),
btVector3(-0.16837,0.063377,0.053978),
btVector3(-0.16966,0.080786,0.053979),
btVector3(-0.17129,0.098256,0.054127),
btVector3(-0.17358,0.1157,0.053583),
