btVector3(0.045686,-0.081929,0.16966),
btVector3(0.064275,-0.081677,0.17139),
btVector3(0.080336,-0.081761,0.17413),
btVector3(0.09829,-0.083797,0.17428),
btVector3(0.11588,-0.08449,0.17593),
btVector3(0.047441,-0.09977,0.17156),
btVector3(0.063301,-0.099892,0.17288),
btVector3(0.080916,-0.10121,0.1738),
btVector3(0.098858,-0.10143,0.17529),
btVector3(0.11763,-0.10236,0.1771),
btVector3(0.046726,-0.11784,0.17263),
btVector3(0.065629,-0.11714,0.17351),
btVector3(0.081524,-0.11841,0.17499),
btVector3(0.10003,-0.11823,0.17655),
btVector3(0.11711,-0.11923,0.17827),
btVector3(0.046562,-0.13513,0.17377),
btVector3(0.065681,-0.13494,0.17505),
btVector3(0.083019,-0.13532,0.17581),
btVector3(0.10067,-0.13695,0.17827),
btVector3(0.11697,-0.13741,0.17949),
